0.23
1.75
1.34
0.36
0.32
0.25
2.33
0.14
3.91
0.57
1.82
2.47
0.05
4.43
0.04
0.85
5.05
1.64
11.79
1.16
2.29
10.79
1.82
0.57
21.02
6.43
1.99
4.22
9.63
7.45
1.83
15.72
19.45
4.39
1.12
4.38
5.62
2.19
8.65
8.29
27.35
9.3
18.59
0.6
15.96
35.54
4.73
6.55
31.62
17.16
15.11
27.11
1.33
18.94
15.01
7.26
33.21
13.79
8.87
15.11
0.78
8.99
15.46
5.2
16.76
2.01
0.83
14.19
14.21
41.19
2.65
56.81
4.67
0.52
20.06
18.91
3.55
0.9
13
8.82
21.86
27.25
1.54
1.59
14.81
1.25
17.34
32.44
31.18
31.96
43.5
28.51
28.96
41.55
7.98
23.05
1.85
15.7
23.8
0.73
10.93
31.3
0.18
2.12
0.78
20.56
3.64
5.33
59.61
0.94
18.44
52.44
59.41
112.37
0.1
2.58
40.19
15.48
20.81
19.65
62.26
45.79
4.62
60.24
2.78
81.13
19.05
4.32
9.06
47.67
0.18
3.08
1.49
60.78
17.57
40.07
12.69
13.84
11.95
2.93
23.58
66.65
9.79
6.35
66.81
3.39
16.9
18.58
22.04
21.27
61.05
5
38.42
66.16
111.94
89.53
21.65
13.82
52.05
51.2
29.89
26.74
3.82
51.93
5.66
38.72
59.83
32.74
10.67
28.69
40.9
26.05
90.42
33.27
5.81
91.37
142.68
0.78
33.84
66.25
1.21
1.32
4.83
47.68
121.71
22.26
31.06
1.77
128.54
42.71
31.99
134.56
61.89
37.44
18.5
70.23
28.73
0.06
11.76
3.98
106.74
32.35
31.71
9.58
2.79
28.43
32.97
10.48
24.07
17.77
41.65
3.99
1.88
0.82
22.06
34.21
80.69
29.09
146.97
36.88
12.06
35.87
188.45
34.93
43.08
40.99
80.53
49.13
71.86
52.78
86.74
15.44
68.02
3.92
14.16
156.07
31.45
30.16
101.2
73.4
25.59
65.05
11.78
7.66
117.43
92.87
12.47
34.97
38.65
45.58
53.21
96.78
42.84
63.52
108.04
90.24
9.02
113.56
9.35
73.99
195.01
171.36
118.7
10.16
8.42
43.39
148.63
143.44
62
31.3
11.51
71.54
71.09
4.77
1.31
6.11
25.2
44.48
0.96
2.97
2.7
190.78
121.84
95.27
33.24
19.33
70.58
37.35
6.5
103.72
139.79
150.69
13.51
13.53
6.3
164.06
13.08
56.05
69.58
161.79
73
146.07
80.34
107.49
206.12
22.55
2.29
6.3
105.64
0.06
10
124.95
78.08
17.89
44.36
5.8
5.87
158.27
115.75
182.79
38.49
70.93
55.33
38.14
106.03
17.14
32.57
115.67
49.3
10.37
73.93
96.87
101.97
59.05
4.59
91.23
214.74
34.46
59.25
229.15
8.14
102.33
48.47
168.98
110.28
69.31
108.61
165.11
10.61
46.83
89.46
71.19
152.79
109.74
160.42
242.29
289.74
87.43
33.9
129.02
3.7
58.26
89.77
84.32
187.77
5.95
64.96
137.92
17.05
159.85
64.68
217.75
8.07
3.12
13.93
94.82
162.92
117.49
122.82
81.34
159.29
283.24
154.63
8.98
0.37
234.5
29.94
67.99
63.6
16.91
117.78
73.89
111.2
173.92
252.53
122.93
81.41
21.51
74.67
179.75
10.93
171.72
206.75
95.25
31.59
141.63
1.4
175.33
233.63
106.51
113.33
138.53
6.97
44.66
134.87
111.73
7.87
33.87
61.11
35.62
202.16
99.29
264.92
3.45
39.37
49.93
13.43
61.77
53.4
104.27
170.18
68.18
19.76
208.56
157.12
71.39
1.66
136.77
24.19
11.45
94.42
10.88
123.47
5.56
15.77
60.26
192.83
69.17
102.45
348.6
243.91
61.33
46.89
0.03
430.03
2.08
9.31
33.91
27.55
5.66
194.94
64.41
98.97
43.88
96.06
117.2
113.48
119.79
68.93
181.31
225.45
102.9
53.3
48.23
12.71
150.5
70.7
80.81
152.39
119.19
34.76
67.94
185.81
2.41
138.01
16.59
238.23
25.98
15.58
398.19
5.5
148.73
408.08
119.05
74.11
337.91
125.72
75.8
87.78
23.84
133.33
26.83
257.43
155.08
230.14
5.24
158.86
18.78
67.16
242.51
143.9
158.02
82.98
54.56
26.93
122.15
62.99
4.22
189.25
256.86
217.22
70.72
18.59
219.83
18.28
224.83
437.23
235.66
384.22
88.59
191.95
293.39
30.14
48.25
132.86
317.22
390.43
126.36
28.89
1.1
19.97
309.46
42.51
153.52
32.16
0.47
93.96
53.75
16.46
186.49
182.35
104.47
57.31
26.23
217.88
120.12
69.38
47.34
176.43
324.38
54.11
11.09
38.68
85.66
422.88
234.3
205
279.32
295.27
34.1
8.33
60.23
447.3
150.7
113.67
154.52
120.87
83.68
5.66
207.98
53.56
325.14
394.17
7.91
107.91
17.31
183.74
38.43
439.67
45.75
59.96
41.2
39.19
99.71
0.26
334.42
59.31
80.81
31.77
1.28
421.62
57.55
105.28
368.32
187.19
305.36
39.86
449.97
224.09
207.17
39.85
176.5
19.46
106.65
15.83
6.58
95.1
31
61.85
23.54
19.8
2.87
104
87
397.82
218.86
135.75
44.87
11.36
267.13
136.99
5.07
153.89
243.45
559.1
34.26
162.97
45.6
407.79
215.96
71.09
71.51
139.25
99.56
113.55
44.81
131.79
432.95
597.38
32.76
286.03
80.74
48.49
155.3
435.99
293.1
79.48
186.13
339.28
106.21
128.74
269.47
85.39
8.08
81.52
99.47
348.6
25.04
250.18
520.82
285.43
84.97
359.31
377.47
26.9
55.05
164.32
9.9
112.69
339.54
42.63
168.22
219.73
26.61
208.5
314.28
80.95
400.45
119.44
152.09
154.81
52.6
204.73
10.3
18.23
235.14
53.9
214.83
52.72
2.83
196.63
117.69
105.44
56.16
143.95
120.13
34.05
86.87
47.51
322.29
304.38
53.62
16.77
490.48
247.58
328.52
13.75
15.86
2.21
153.41
220.56
301.98
4.08
45.03
67.69
193.62
110.28
68.61
414.94
40.59
103.05
154.05
176.56
409.83
63.5
5.79
4.72
115.83
157.76
69.14
134.92
34.74
186.86
144.31
108.32
343.16
190.86
500.87
423.29
480.53
556.98
104.48
343.08
0.15
272.65
89.05
10.82
128.13
0.2
419.4
159.97
59.46
85.32
6.53
576.82
10.08
61.34
22.12
273.78
294.8
499.37
23.16
469.39
487.45
33.61
111.25
485.7
114.16
258.79
69.99
372.84
80.13
50.18
100.92
500.88
511.56
216.01
99.98
145.2
161.22
208.1
292.01
98.77
520.08
10.78
255.4
307.41
1.58
365.21
556.53
5.83
87.28
342.91
138.69
54.07
44.63
33.11
500.01
31.23
372.04
0.13
409.22
104.33
129.2
384.52
38.86
17.24
5.93
670.3
9.26
424.27
729.83
368.46
365.36
7.46
7.97
107.16
580.99
143.13
246.59
16.15
17.01
20.96
235.73
57.42
74.05
56.46
53.9
653.25
205.1
12.82
117.8
296.55
569.51
56.3
2
41.28
318.9
452.93
4.97
504.97
22.57
17.79
82.25
210.65
260.69
95.02
56.11
469.18
74.21
70.66
313.56
278.68
47.51
119.6
29.04
43.65
294.09
33.71
77.82
160.68
229.82
370.92
52.93
434.43
145.56
42.92
486.25
162.15
111.84
69.59
410.9
34.85
22.99
223.05
65.52
323.68
46.14
348.17
215.85
414.33
511.58
79.46
85.85
228.6
644.27
242.51
452
244.8
140.55
228.97
531.68
608.37
12.32
4.23
382.59
438.78
190.62
62.81
400.02
452.66
88.01
81.38
60.21
48.65
23.48
304.32
208.78
122.95
413.7
373.54
48.9
219.16
89.9
737.92
68.48
132.89
143.73
447.55
152.09
472.11
299.44
505.4
97.55
423.64
10.46
238.83
155.6
311.75
31.87
132.63
171.25
348.65
189.35
490.01
60.88
395.79
256.47
362.25
553.48
493.63
331.06
179.29
731.03
57.07
59.79
408.33
8.43
196.71
129.68
10.57
639.54
88.98
816.84
552.88
928.01
612.45
237
76.87
442.5
588.84
240.75
20.46
47.97
22.63
273.69
473.86
79.31
221.94
171.15
37.14
6.29
70.83
476.99
8.3
315.14
53.73
30.45
537.83
184.53
258.24
334.1
229.91
91.8
156.87
243.74
344.79
383.02
448.54
728.68
